37
358.000000 423.000000
247.000000 306.000000
185.000000 333.000000
261.928345 233.894287
228.500000 234.000000
325.812714 232.719757
221.052612 280.881195
313.185333 279.474823
282.893768 278.836487
25.000000 177.000000
346.000000 331.000000
453.000000 294.000000
351.000000 382.000000
363.000000 375.000000
354.000000 332.000000
201.000000 214.000000
285.000000 264.000000
402.000000 445.000000
380.000000 432.000000
368.826630 406.454346
461.000000 355.000000
408.000000 291.000000
38.000000 280.000000
51.000000 280.000000
342.000000 315.000000
305.000000 306.000000
216.000000 308.000000
223.295013 264.546631
255.373993 264.654572
318.256165 261.628693
393.000000 214.000000
373.000000 217.000000
274.000000 306.000000
292.833252 233.668701
294.000000 387.000000
416.000000 223.000000
253.000000 281.000000
