37
473.000000 395.000000
278.000000 301.000000
219.000000 336.000000
260.000000 208.000000
225.000000 208.000000
323.000000 206.000000
236.000000 265.000000
335.000000 262.000000
301.000000 262.000000
35.000000 320.000000
403.000000 321.000000
424.000000 99.000000
443.000000 372.000000
438.000000 331.000000
413.000000 322.000000
188.000000 182.000000
296.000000 244.000000
499.000000 296.000000
485.000000 344.000000
461.000000 346.000000
460.000000 111.000000
410.000000 174.000000
41.000000 261.000000
54.000000 259.000000
392.000000 315.000000
342.000000 299.000000
243.000000 303.000000
232.000000 246.000000
266.000000 245.000000
330.000000 243.000000
373.000000 171.000000
362.000000 190.000000
307.000000 300.000000
289.000000 207.000000
377.000000 378.000000
381.000000 130.000000
270.000000 264.000000
