37
23.417105  -7.551044  -0.941385
11.574016  -0.102297  8.170404
14.643481  -0.422481  12.773522
1.724139  -0.155021  8.133060
1.610283  -0.236623  10.606374
1.781023  -0.143071  3.385768
7.611127  -0.201772  10.578166
7.871800  -0.300644  3.468180
7.683315  -0.261206  5.948648
6.850000  18.299999  23.799999
14.860367  -1.635972  -0.087364
-2.228304  -14.242267  -0.340723
20.536274  -4.079548  -0.928551
17.127916  -5.661987  -0.475237
14.963583  -1.672825  -0.729238
-1.200000  -0.500000  12.899999
5.696035  -0.165845  5.976460
16.796764  -15.343880  -0.433517
19.850286  -11.369678  -0.698720
19.161768  -8.244718  -0.578029
1.207851  -17.852228  -0.414473
2.509361  -8.584677  -0.353396
6.384988  -0.480442  23.524654
6.288627  -0.686429  22.684113
13.700000  0.000000  0.000000
11.743422  -0.256549  3.503563
11.515773  -0.148995  10.624404
5.624941  -0.097076  10.633288
5.715866  -0.154460  8.168373
5.771224  -0.022592  3.346165
-1.515686  -1.564432  -0.731806
0.000000  0.000000  0.000000
11.632162  -0.190778  6.043319
1.731994  -0.207632  5.938620
20.553141  -4.086578  3.788882
-3.767644  -6.180722  -0.399643
7.704337  -0.354395  8.192640
