18
11.574016  -0.102297  8.170404
1.724139  -0.155021  8.133060
1.610283  -0.236623  10.606374
1.781023  -0.143071  3.385768
7.611127  -0.201772  10.578166
7.871800  -0.300644  3.468180
7.683315  -0.261206  5.948648
5.696035  -0.165845  5.976460
13.700000  0.000000  0.000000
11.743422  -0.256549  3.503563
11.515773  -0.148995  10.624404
5.624941  -0.097076  10.633288
5.715866  -0.154460  8.168373
5.771224  -0.022592  3.346165
0.000000  0.000000  0.000000
11.632162  -0.190778  6.043319
1.731994  -0.207632  5.938620
7.704337  -0.354395  8.192640
