46
35.000000 260.000000
26.000000 81.000000
80.000000 165.000000
265.000000 247.000000
255.000000 268.000000
302.000000 268.000000
199.000000 266.000000
232.000000 156.000000
227.000000 101.000000
227.000000 159.000000
264.000000 188.000000
230.000000 247.000000
230.000000 188.000000
234.000000 243.000000
261.000000 243.000000
260.000000 191.000000
233.000000 191.000000
264.000000 159.000000
267.000000 163.000000
282.000000 211.000000
286.000000 180.000000
291.000000 157.000000
291.000000 186.000000
292.000000 244.000000
246.000000 288.000000
400.000000 300.000000
412.000000 319.000000
195.000000 267.000000
309.026245 287.890015
295.000000 292.000000
289.000000 101.000000
383.000000 67.000000
367.000000 82.000000
368.000000 257.000000
385.000000 272.000000
192.000000 74.000000
197.000000 82.000000
384.000000 392.000000
360.978699 328.020386
370.000000 417.000000
306.000000 302.000000
304.000000 329.000000
311.000000 362.000000
323.000000 186.000000
324.000000 242.000000
263.000000 101.000000
