46
38.000000 278.000000
24.000000 129.000000
76.285942 179.642990
265.000000 227.000000
274.000000 345.000000
326.000000 342.000000
202.195297 236.597595
217.137390 150.779160
206.000000 109.000000
214.000000 152.000000
253.780334 175.174774
232.000000 227.000000
221.000000 176.000000
235.000000 224.000000
260.000000 223.000000
250.000000 179.000000
225.000000 179.000000
249.000000 154.000000
253.000000 156.000000
276.000000 195.000000
276.063934 168.892395
276.454132 151.717590
280.000000 175.000000
293.000000 224.000000
270.000000 377.000000
406.000000 204.000000
420.000000 207.000000
197.000000 234.000000
335.000000 349.000000
325.000000 378.000000
264.000000 110.000000
340.753296 76.552612
326.000000 93.000000
373.000000 236.000000
393.000000 241.000000
170.000000 83.000000
177.000000 96.000000
431.000000 359.000000
393.000000 321.000000
425.000000 410.000000
336.113800 372.721436
339.879395 402.327271
357.000000 429.000000
312.000000 175.000000
325.175110 223.682693
238.000000 109.000000
